version https://git-lfs.github.com/spec/v1
oid sha256:8a4526c7e64693210e968b2497998ad3bd9c890ea2d44c655b218c14f1edc3f0
size 525218978
